157
879
22
667
444
911
671
543
312
870
232
406
243
758
992
953
48
372
140
572
427
497
132
567
913
42
749
35
106
364
993
271
980
387
896
600
921
423
886
699
971
76
324
293
758
589
624
935
22
647
585
440
965
768
801
743
126
518
984
461
182
866
595
290
83
588
685
745
447
541
950
284
428
928
447
522
332
959
57
565
445
304
103
592
313
382
868
343
506
852
899
319
615
148
651
259
582
818
752
25
114
241
755
699
243
787
392
42
852
198
747
705
411
37
873
752
186
699
272
43
489
629
488
995
397
830
93
329
33
205
101
212
14
211
716
22
763
642
24
828
287
862
258
558
722
187
682
276
524
545
158
407
96
640
251
858
300
976